name: aTRAM
channels:
  - bioconda
  - defaults
dependencies:
  - _libgcc_mutex=0.1=main
  - _openmp_mutex=5.1=1_gnu
  - abyss=2.2.3=h3e4de3e_1
  - augustus=3.1=0
  - blast=2.12.0=pl5262h3289130_0
  - bzip2=1.0.8=h5eee18b_6
  - c-ares=1.19.1=h5eee18b_0
  - ca-certificates=2024.11.26=h06a4308_0
  - curl=7.88.1=hdbd6064_2
  - dbus=1.13.18=hb2f20db_0
  - entrez-direct=22.4=he881be0_0
  - exonerate=2.4.0=h09da616_5
  - expat=2.6.3=h6a678d5_0
  - freetype=2.12.1=h4a9f257_0
  - glib=2.78.4=h6a678d5_0
  - glib-tools=2.78.4=h6a678d5_0
  - iqtree=2.1.4_beta=hdcc8f71_0
  - java-jdk=7.0.91=1
  - krb5=1.20.1=h143b758_1
  - ld_impl_linux-64=2.40=h12ee557_0
  - libcurl=7.88.1=h251f7ec_2
  - libedit=3.1.20230828=h5eee18b_0
  - libev=4.33=h7f8727e_1
  - libffi=3.4.4=h6a678d5_1
  - libgcc=7.2.0=h69d50b8_2
  - libgcc-ng=11.2.0=h1234567_1
  - libgfortran-ng=7.5.0=ha8ba4b0_17
  - libgfortran4=7.5.0=ha8ba4b0_17
  - libglib=2.78.4=hdc74915_0
  - libgomp=11.2.0=h1234567_1
  - libiconv=1.16=h5eee18b_3
  - libidn2=2.3.4=h5eee18b_0
  - libmpdec=4.0.0=h5eee18b_0
  - libnghttp2=1.57.0=h2d74bed_0
  - libpng=1.6.39=h5eee18b_0
  - libssh2=1.11.0=h251f7ec_0
  - libstdcxx-ng=11.2.0=h1234567_1
  - libunistring=0.9.10=h27cfd23_0
  - libuuid=1.41.5=h5eee18b_0
  - libxcb=1.15=h7f8727e_0
  - mafft=7.505=hec16e2b_0
  - make=4.2.1=h1bed415_1
  - mpi=1.0=openmpi
  - ncurses=6.4=h6a678d5_0
  - openjdk=11.0.13=h87a67e3_0
  - openmpi=4.0.2=hb1b8bf9_1
  - openssl=3.0.15=h5eee18b_0
  - pcre=8.45=h295c915_0
  - pcre2=10.42=hebb0a14_1
  - perl=5.26.2=h14c3975_0
  - perl-archive-tar=2.32=pl526_0
  - perl-carp=1.38=pl526_3
  - perl-common-sense=3.74=pl526_2
  - perl-compress-raw-bzip2=2.087=pl526he1b5a44_0
  - perl-compress-raw-zlib=2.087=pl526hc9558a2_0
  - perl-exporter=5.72=pl526_1
  - perl-exporter-tiny=1.002001=pl526_0
  - perl-extutils-makemaker=7.36=pl526_1
  - perl-io-compress=2.087=pl526he1b5a44_0
  - perl-io-zlib=1.10=pl526_2
  - perl-json=4.02=pl526_0
  - perl-json-xs=2.34=pl526h6bb024c_3
  - perl-list-moreutils=0.428=pl526_1
  - perl-list-moreutils-xs=0.428=pl526_0
  - perl-pathtools=3.75=pl526h14c3975_1
  - perl-scalar-list-utils=1.52=pl526h516909a_0
  - perl-threaded=5.32.1=hdfd78af_1
  - perl-types-serialiser=1.0=pl526_2
  - perl-xsloader=0.24=pl526_0
  - pip=24.2=py313h06a4308_0
  - python=3.13.0=hf623796_100_cp313
  - python_abi=3.13=0_cp313
  - readline=8.2=h5eee18b_0
  - seqkit=2.9.0=h9ee0642_0
  - setuptools=75.1.0=py313h06a4308_0
  - spades=3.13.1=0
  - sqlite=3.45.3=h5eee18b_0
  - tk=8.6.14=h39e8969_0
  - trimal=1.4.1=h9f5acd7_6
  - trimmomatic=0.39=hdfd78af_2
  - trinity=date.2011_11_26=3
  - tzdata=2024b=h04d1e81_0
  - velvet=1.2.10=h5bf99c6_4
  - wget=1.24.5=h251f7ec_0
  - wheel=0.44.0=py313h06a4308_0
  - xz=5.4.6=h5eee18b_1
  - zlib=1.2.13=h5eee18b_1
  - pip:
      - atram==2.4.4
      - biopython==1.84
      - numpy==2.1.3
      - psutil==6.1.0
prefix: /nfs/home/jturne88/.conda/envs/aTRAM
